nnodes1 : 3490
nnodes2 : 3423

deletes(hunks) : 76(14)
inserts(hunks) : 9(4)
relabels : 5(orig:2)(5)
mov+rels : 0(orig:0)
moves(hunks) : 1(1)

total changes : 91
mapping size  : 3414
similarity    : 0.986836
CMR           : 0.026655

units (old)      : 71
unmodified units : 62
UNMODIFIED RATE  : 0.873239

SPSM : 3408
SPM  : 3413
MGSM : 0
MGM  : 0
AHS  : 4.526316
