nnodes1 : 577
nnodes2 : 598

deletes(hunks) : 52(15)
inserts(hunks) : 73(26)
relabels : 72(orig:44)(72)
mov+rels : 2(orig:1)
moves(hunks) : 37(6)

total changes : 203
mapping size  : 525
similarity    : 0.810213
CMR           : 0.386667

units (old)      : 10
unmodified units : 0
UNMODIFIED RATE  : 0.000000

SPSM : 418
SPM  : 488
MGSM : 34
MGM  : 36
AHS  : 3.446809
