nnodes1 : 365
nnodes2 : 325

deletes(hunks) : 73(12)
inserts(hunks) : 33(12)
relabels : 54(orig:36)(54)
mov+rels : 21(orig:16)
moves(hunks) : 126(9)

total changes : 169
mapping size  : 292
similarity    : 0.715942
CMR           : 0.578767

units (old)      : 9
unmodified units : 3
UNMODIFIED RATE  : 0.333333

SPSM : 133
SPM  : 166
MGSM : 105
MGM  : 124
AHS  : 7.030303
