nnodes1 : 365
nnodes2 : 325

deletes(hunks) : 72(11)
inserts(hunks) : 32(11)
relabels : 54(54)
mov+rels : 21
moves(hunks) : 125(9)

total changes : 167
mapping size  : 293
similarity    : 0.391304
CMR           : 0.569966

units (old)      : 9
unmodified units : 3
UNMODIFIED RATE  : 0.333333

SPSM : 135
SPM  : 168
MGSM : 104
MGM  : 123
AHS  : 7.387097
