nnodes1 : 33464
nnodes2 : 35991

deletes(hunks) : 1783(130)
inserts(hunks) : 4310(293)
relabels : 209(orig:146)(209)
mov+rels : 70(orig:65)
moves(hunks) : 396(98)

total changes : 6400
mapping size  : 31681
similarity    : 0.904096
CMR           : 0.202014

units (old)      : 179
unmodified units : 138
UNMODIFIED RATE  : 0.770950

SPSM : 31146
SPM  : 31285
MGSM : 323
MGM  : 365
AHS  : 12.454894
