nnodes1 : 654
nnodes2 : 652

deletes(hunks) : 123(31)
inserts(hunks) : 121(44)
relabels : 137(orig:76)(137)
mov+rels : 0(orig:0)
moves(hunks) : 20(4)

total changes : 385
mapping size  : 531
similarity    : 0.658499
CMR           : 0.725047

units (old)      : 28
unmodified units : 0
UNMODIFIED RATE  : 0.000000

SPSM : 374
SPM  : 511
MGSM : 20
MGM  : 20
AHS  : 3.341772
