nnodes1 : 215
nnodes2 : 227

deletes(hunks) : 41(15)
inserts(hunks) : 53(15)
relabels : 43(43)
mov+rels : 9
moves(hunks) : 36(6)

total changes : 143
mapping size  : 174
similarity    : 0.470588
CMR           : 0.821839

units (old)      : 6
unmodified units : 0
UNMODIFIED RATE  : 0.000000

SPSM : 104
SPM  : 138
MGSM : 27
MGM  : 35
AHS  : 3.611111
