nnodes1 : 215
nnodes2 : 227

deletes(hunks) : 40(14)
inserts(hunks) : 52(15)
relabels : 44(orig:23)(44)
mov+rels : 10(orig:6)
moves(hunks) : 37(6)

total changes : 142
mapping size  : 175
similarity    : 0.660633
CMR           : 0.811429

units (old)      : 6
unmodified units : 0
UNMODIFIED RATE  : 0.000000

SPSM : 104
SPM  : 138
MGSM : 27
MGM  : 36
AHS  : 3.685714
