nnodes1 : 9127
nnodes2 : 9571

deletes(hunks) : 308(59)
inserts(hunks) : 752(86)
relabels : 96(orig:50)(96)
mov+rels : 10(orig:3)
moves(hunks) : 86(21)

total changes : 1177
mapping size  : 8819
similarity    : 0.934752
CMR           : 0.133462

units (old)      : 131
unmodified units : 87
UNMODIFIED RATE  : 0.664122

SPSM : 8647
SPM  : 8733
MGSM : 71
MGM  : 78
AHS  : 6.903614
