nnodes1 : 9127
nnodes2 : 9571

deletes(hunks) : 310(60)
inserts(hunks) : 754(86)
relabels : 95(95)
mov+rels : 10
moves(hunks) : 86(21)

total changes : 1180
mapping size  : 8817
similarity    : 0.924805
CMR           : 0.133832

units (old)      : 131
unmodified units : 87
UNMODIFIED RATE  : 0.664122

SPSM : 8646
SPM  : 8731
MGSM : 71
MGM  : 78
AHS  : 6.886228
