nnodes1 : 2129
nnodes2 : 2412

deletes(hunks) : 43(14)
inserts(hunks) : 326(30)
relabels : 21(orig:9)(21)
mov+rels : 3(orig:1)
moves(hunks) : 29(10)

total changes : 400
mapping size  : 2086
similarity    : 0.909051
CMR           : 0.191755

units (old)      : 14
unmodified units : 8
UNMODIFIED RATE  : 0.571429

SPSM : 2039
SPM  : 2057
MGSM : 24
MGM  : 26
AHS  : 7.370370
