nnodes1 : 16585
nnodes2 : 16357

deletes(hunks) : 246(46)
inserts(hunks) : 18(5)
relabels : 42(42)
mov+rels : 0
moves(hunks) : 16(4)

total changes : 310
mapping size  : 16339
similarity    : 0.988465
CMR           : 0.018973

units (old)      : 93
unmodified units : 83
UNMODIFIED RATE  : 0.892473

SPSM : 16281
SPM  : 16323
MGSM : 15
MGM  : 15
AHS  : 5.090909
