nnodes1 : 2772
nnodes2 : 3224

deletes(hunks) : 54(30)
inserts(hunks) : 506(22)
relabels : 18(18)
mov+rels : 1
moves(hunks) : 323(14)

total changes : 592
mapping size  : 2718
similarity    : 0.793195
CMR           : 0.217807

units (old)      : 8
unmodified units : 6
UNMODIFIED RATE  : 0.750000

SPSM : 2378
SPM  : 2395
MGSM : 323
MGM  : 323
AHS  : 13.378788
