nnodes1 : 582
nnodes2 : 654

deletes(hunks) : 85(23)
inserts(hunks) : 157(19)
relabels : 43(43)
mov+rels : 5
moves(hunks) : 56(19)

total changes : 304
mapping size  : 497
similarity    : 0.652104
CMR           : 0.611670

units (old)      : 20
unmodified units : 4
UNMODIFIED RATE  : 0.200000

SPSM : 403
SPM  : 441
MGSM : 47
MGM  : 49
AHS  : 4.885246
