nnodes1 : 228
nnodes2 : 207

deletes(hunks) : 39(7)
inserts(hunks) : 18(7)
relabels : 25(25)
mov+rels : 1
moves(hunks) : 6(2)

total changes : 84
mapping size  : 189
similarity    : 0.731034
CMR           : 0.444444

units (old)      : 6
unmodified units : 1
UNMODIFIED RATE  : 0.166667

SPSM : 159
SPM  : 183
MGSM : 5
MGM  : 5
AHS  : 3.937500
