nnodes1 : 20265
nnodes2 : 20255

deletes(hunks) : 11(3)
inserts(hunks) : 1(1)
relabels : 31(orig:31)(31)
mov+rels : 0(orig:0)
moves(hunks) : 0(0)

total changes : 43
mapping size  : 20254
similarity    : 0.998174
CMR           : 0.002123

units (old)      : 84
unmodified units : 63
UNMODIFIED RATE  : 0.750000

SPSM : 20223
SPM  : 20254
MGSM : 0
MGM  : 0
AHS  : 3.000000
