nnodes1 : 675
nnodes2 : 460

deletes(hunks) : 291(30)
inserts(hunks) : 76(32)
relabels : 47(47)
mov+rels : 22
moves(hunks) : 83(22)

total changes : 436
mapping size  : 384
similarity    : 0.486344
CMR           : 1.135417

units (old)      : 15
unmodified units : 3
UNMODIFIED RATE  : 0.200000

SPSM : 276
SPM  : 301
MGSM : 62
MGM  : 77
AHS  : 5.357143
