nnodes1 : 376
nnodes2 : 278

deletes(hunks) : 116(19)
inserts(hunks) : 19(15)
relabels : 68(orig:39)(68)
mov+rels : 1(orig:0)
moves(hunks) : 2(1)

total changes : 204
mapping size  : 259
similarity    : 0.654434
CMR           : 0.787645

units (old)      : 12
unmodified units : 1
UNMODIFIED RATE  : 0.083333

SPSM : 190
SPM  : 257
MGSM : 2
MGM  : 2
AHS  : 3.914286
