nnodes1 : 5617
nnodes2 : 5655

deletes(hunks) : 175(53)
inserts(hunks) : 213(42)
relabels : 93(orig:71)(93)
mov+rels : 11(orig:7)
moves(hunks) : 106(28)

total changes : 509
mapping size  : 5442
similarity    : 0.947835
CMR           : 0.093532

units (old)      : 32
unmodified units : 25
UNMODIFIED RATE  : 0.781250

SPSM : 5254
SPM  : 5336
MGSM : 87
MGM  : 92
AHS  : 4.016260
