nnodes1 : 1538
nnodes2 : 2147

deletes(hunks) : 222(37)
inserts(hunks) : 831(54)
relabels : 58(58)
mov+rels : 22
moves(hunks) : 205(29)

total changes : 1140
mapping size  : 1316
similarity    : 0.583446
CMR           : 0.866261

units (old)      : 42
unmodified units : 18
UNMODIFIED RATE  : 0.428571

SPSM : 1075
SPM  : 1111
MGSM : 192
MGM  : 197
AHS  : 10.483333
