nnodes1 : 2734
nnodes2 : 2742

deletes(hunks) : 0(0)
inserts(hunks) : 8(7)
relabels : 1(1)
mov+rels : 0
moves(hunks) : 0(0)

total changes : 9
mapping size  : 2734
similarity    : 0.998174
CMR           : 0.003292

units (old)      : 16
unmodified units : 15
UNMODIFIED RATE  : 0.937500

SPSM : 2733
SPM  : 2734
MGSM : 0
MGM  : 0
AHS  : 1.142857
