nnodes1 : 1866
nnodes2 : 2024

deletes(hunks) : 114(22)
inserts(hunks) : 272(42)
relabels : 29(29)
mov+rels : 9
moves(hunks) : 90(18)

total changes : 433
mapping size  : 1752
similarity    : 0.844216
CMR           : 0.247146

units (old)      : 26
unmodified units : 19
UNMODIFIED RATE  : 0.730769

SPSM : 1642
SPM  : 1662
MGSM : 80
MGM  : 83
AHS  : 5.804878
