nnodes1 : 907
nnodes2 : 952

deletes(hunks) : 18(17)
inserts(hunks) : 63(32)
relabels : 14(orig:7)(14)
mov+rels : 1(orig:1)
moves(hunks) : 15(9)

total changes : 104
mapping size  : 889
similarity    : 0.939215
CMR           : 0.116985

units (old)      : 16
unmodified units : 15
UNMODIFIED RATE  : 0.937500

SPSM : 861
SPM  : 874
MGSM : 9
MGM  : 9
AHS  : 1.655172
