nnodes1 : 1121
nnodes2 : 1299

deletes(hunks) : 32(26)
inserts(hunks) : 210(58)
relabels : 194(194)
mov+rels : 21
moves(hunks) : 99(9)

total changes : 445
mapping size  : 1089
similarity    : 0.675207
CMR           : 0.408632

units (old)      : 19
unmodified units : 0
UNMODIFIED RATE  : 0.000000

SPSM : 817
SPM  : 990
MGSM : 80
MGM  : 98
AHS  : 3.666667
