nnodes1 : 5968
nnodes2 : 6099

deletes(hunks) : 33(7)
inserts(hunks) : 164(19)
relabels : 4(4)
mov+rels : 0
moves(hunks) : 20(4)

total changes : 205
mapping size  : 5935
similarity    : 0.979697
CMR           : 0.034541

units (old)      : 22
unmodified units : 20
UNMODIFIED RATE  : 0.909091

SPSM : 5911
SPM  : 5915
MGSM : 19
MGM  : 19
AHS  : 7.233333
