nnodes1 : 255
nnodes2 : 242

deletes(hunks) : 37(6)
inserts(hunks) : 24(11)
relabels : 23(23)
mov+rels : 0
moves(hunks) : 4(1)

total changes : 85
mapping size  : 218
similarity    : 0.768612
CMR           : 0.389908

units (old)      : 8
unmodified units : 3
UNMODIFIED RATE  : 0.375000

SPSM : 191
SPM  : 214
MGSM : 4
MGM  : 4
AHS  : 3.611111
