nnodes1 : 871
nnodes2 : 1276

deletes(hunks) : 91(34)
inserts(hunks) : 496(45)
relabels : 134(orig:123)(134)
mov+rels : 14(orig:11)
moves(hunks) : 60(10)

total changes : 731
mapping size  : 780
similarity    : 0.601770
CMR           : 0.937179

units (old)      : 4
unmodified units : 0
UNMODIFIED RATE  : 0.000000

SPSM : 600
SPM  : 720
MGSM : 45
MGM  : 59
AHS  : 7.269663
