nnodes1 : 2636
nnodes2 : 2575

deletes(hunks) : 77(26)
inserts(hunks) : 16(14)
relabels : 30(30)
mov+rels : 4
moves(hunks) : 20(14)

total changes : 137
mapping size  : 2559
similarity    : 0.964498
CMR           : 0.053537

units (old)      : 23
unmodified units : 11
UNMODIFIED RATE  : 0.478261

SPSM : 2513
SPM  : 2539
MGSM : 11
MGM  : 11
AHS  : 2.092593
