nnodes1 : 2636
nnodes2 : 2575

deletes(hunks) : 72(26)
inserts(hunks) : 11(9)
relabels : 35(orig:19)(35)
mov+rels : 8(orig:0)
moves(hunks) : 20(10)

total changes : 128
mapping size  : 2564
similarity    : 0.969871
CMR           : 0.049922

units (old)      : 23
unmodified units : 11
UNMODIFIED RATE  : 0.478261

SPSM : 2517
SPM  : 2544
MGSM : 7
MGM  : 15
AHS  : 2.288889
