nnodes1 : 582
nnodes2 : 649

deletes(hunks) : 2(2)
inserts(hunks) : 69(11)
relabels : 5(orig:3)(5)
mov+rels : 2(orig:1)
moves(hunks) : 21(6)

total changes : 82
mapping size  : 580
similarity    : 0.926076
CMR           : 0.141379

units (old)      : 111
unmodified units : 98
UNMODIFIED RATE  : 0.882883

SPSM : 556
SPM  : 559
MGSM : 18
MGM  : 20
AHS  : 4.842105
