nnodes1 : 582
nnodes2 : 649

deletes(hunks) : 4(2)
inserts(hunks) : 71(11)
relabels : 5(5)
mov+rels : 0
moves(hunks) : 19(4)

total changes : 84
mapping size  : 578
similarity    : 0.900081
CMR           : 0.145329

units (old)      : 111
unmodified units : 99
UNMODIFIED RATE  : 0.891892

SPSM : 554
SPM  : 559
MGSM : 19
MGM  : 19
AHS  : 5.529412
