nnodes1 : 229
nnodes2 : 239

deletes(hunks) : 3(3)
inserts(hunks) : 13(5)
relabels : 31(31)
mov+rels : 0
moves(hunks) : 0(0)

total changes : 47
mapping size  : 226
similarity    : 0.833333
CMR           : 0.207965

units (old)      : 11
unmodified units : 1
UNMODIFIED RATE  : 0.090909

SPSM : 195
SPM  : 226
MGSM : 0
MGM  : 0
AHS  : 2.000000
