nnodes1 : 3833
nnodes2 : 3818

deletes(hunks) : 51(14)
inserts(hunks) : 36(12)
relabels : 25(orig:22)(25)
mov+rels : 5(orig:4)
moves(hunks) : 36(5)

total changes : 117
mapping size  : 3782
similarity    : 0.981310
CMR           : 0.030936

units (old)      : 35
unmodified units : 31
UNMODIFIED RATE  : 0.885714

SPSM : 3726
SPM  : 3746
MGSM : 30
MGM  : 35
AHS  : 3.967742
