nnodes1 : 3527
nnodes2 : 3612

deletes(hunks) : 20(8)
inserts(hunks) : 105(11)
relabels : 12(orig:7)(12)
mov+rels : 3(orig:0)
moves(hunks) : 32(9)

total changes : 146
mapping size  : 3507
similarity    : 0.977448
CMR           : 0.041631

units (old)      : 738
unmodified units : 705
UNMODIFIED RATE  : 0.955285

SPSM : 3466
SPM  : 3475
MGSM : 31
MGM  : 31
AHS  : 5.607143
