nnodes1 : 14906
nnodes2 : 14905

deletes(hunks) : 1(1)
inserts(hunks) : 0(0)
relabels : 0(orig:0)(0)
mov+rels : 0(orig:0)
moves(hunks) : 0(0)

total changes : 1
mapping size  : 14905
similarity    : 0.999966
CMR           : 0.000067

units (old)      : 5
unmodified units : 4
UNMODIFIED RATE  : 0.800000

SPSM : 14905
SPM  : 14905
MGSM : 0
MGM  : 0
AHS  : 1.000000
