nnodes1 : 4945
nnodes2 : 4966

deletes(hunks) : 23(7)
inserts(hunks) : 44(10)
relabels : 12(12)
mov+rels : 4
moves(hunks) : 6(1)

total changes : 80
mapping size  : 4922
similarity    : 0.990415
CMR           : 0.016254

units (old)      : 9
unmodified units : 6
UNMODIFIED RATE  : 0.666667

SPSM : 4908
SPM  : 4916
MGSM : 2
MGM  : 6
AHS  : 4.055556
