nnodes1 : 4945
nnodes2 : 4966

deletes(hunks) : 26(8)
inserts(hunks) : 47(10)
relabels : 11(orig:9)(11)
mov+rels : 0(orig:0)
moves(hunks) : 0(0)

total changes : 84
mapping size  : 4919
similarity    : 0.990415
CMR           : 0.017077

units (old)      : 9
unmodified units : 6
UNMODIFIED RATE  : 0.666667

SPSM : 4908
SPM  : 4919
MGSM : 0
MGM  : 0
AHS  : 4.055556
